error(train): 0.010000
error(test): 0.162500